clc
clear
format long
F0=1020*exp((0.04-0.01)*0.25)
S_star=1000;
integration_aprox=50/800^2*exp(0.04*0.25)*2.2226758670169+50/850^2*exp(0.04*0.25)*5.22221167063023+50/900^2*exp(0.04*0.25)*11.05118475+50/950^2*exp(0.04*0.25)*21.2667717071206+50/1000^2*exp(0.04*0.25)*(37.5074086265032+64.9107597227444)/2+50/1050^2*exp(0.04*0.25)*38.9442051884986+50/1100^2*exp(0.04*0.25)*20.6882677185688+50/1150^2*exp(0.04*0.25)*9.44196898306636+50/1200^2*exp(0.04*0.25)*3.5661975835441
%formula(26-6)
Ev_expected=2/0.25*log(F0/S_star)-2/0.25*(F0/S_star-1)+2/0.25*integration_aprox
%formula(26-10)
Ev_expected_aprox=(-(F0/S_star-1)^2+2*integration_aprox)/0.25

S_star=1080;
integration_aprox=50/800^2*exp(0.04*0.25)*2.2226758670169+50/850^2*exp(0.04*0.25)*5.22221167063023+50/900^2*exp(0.04*0.25)*11.05118475+50/950^2*exp(0.04*0.25)*21.2667717071206+50/1000^2*exp(0.04*0.25)*(37.5074086265032+0)+50/1050^2*exp(0.04*0.25)*61.0433457797158+50/1100^2*exp(0.04*0.25)*20.6882677185688+50/1150^2*exp(0.04*0.25)*9.44196898306636+50/1200^2*exp(0.04*0.25)*3.5661975835441
Ev_expected=2/0.25*log(F0/S_star)-2/0.25*(F0/S_star-1)+2/0.25*integration_aprox

S_star=920;
integration_aprox=50/800^2*exp(0.04*0.25)*2.2226758670169+50/850^2*exp(0.04*0.25)*5.22221167063023+50/900^2*exp(0.04*0.25)*11.05118475+50/950^2*exp(0.04*0.25)*98.17261449082+50/1000^2*exp(0.04*0.25)*64.9107597227444+50/1050^2*exp(0.04*0.25)*38.9442051884986+50/1100^2*exp(0.04*0.25)*20.6882677185688+50/1150^2*exp(0.04*0.25)*9.44196898306636+50/1200^2*exp(0.04*0.25)*3.5661975835441
Ev_expected=2/0.25*log(F0/S_star)-2/0.25*(F0/S_star-1)+2/0.25*integration_aprox
